18354372	8.737878174404614
29588794	7.406341711059213
14439858	6.541115032508969
16891384	5.9202401511138305
16665197	5.834132598829456
18622159	5.825074464082718
30392390	5.782299214974046
22756347	5.551486351760104
14964163	5.478913724422455
18207486	5.436107395216823
10224712	5.1208432745188475
17437733	4.841447334853001
9131212	4.756438232026994
14793506	4.566380025353283
18816704	4.524458466563374
18787342	4.405989185906947
37575697	4.1493599424138665
36493	4.098425235133618
14956877	4.046753807924688
9505092	3.9466253902064636
14521831	3.862636416219175
9885102	3.7314992416650057
75413	3.698096394073218
13192	3.6670008554356173
12314012	3.608004467561841
19767607	3.5419397549703717
12381352	3.4184941296698526
64305226	3.396267264150083
19047395	3.3879075841978192
20340589	3.3729841047897935
6300172	3.371812626486644
14592505	3.2571456492878497
46817875	3.248291403055191
14232327	3.2376047959551215
9989362	3.21217239939142
27844826	3.1845555622130632
14707949	3.1275015941355377
43245921	3.0793873257935047
7665302	3.0765201203757897
10718	3.069200773490593
2652621	3.030498959706165
14526430	2.9340940822148696
14253068	2.9237587051466107
28694569	2.914445435628295
5523	2.8133673928678036
14561327	2.799613300594501
6186692	2.798882437054999
31330843	2.7396981194615364
7799372	2.706066155806184
2165301	2.685958602465689
14979481	2.594733667676337
13521812	2.5904271017061546
19231524	2.567584117874503
25803451	2.5107745677232742
14136760	2.484069850295782
30358977	2.443287469446659
14099018	2.4245535163208842
17194296	2.282174086314626
32210119	2.2707087509334087
14831467	2.268650095909834
19700028	2.2498776353895664
2514731	2.223207608796656
14917157	2.221049669198692
28763568	2.2108530066907406
17259695	2.165090125054121
14803701	2.117962060146965
4994591	2.1077477742219344
26375436	2.106986108701676
16997146	2.095232982188463
16123563	2.080672826617956
40168921	2.0722905276343226
57274757	2.0700476514175534
38416429	2.069172650575638
17570479	2.0612729997374117
12114542	2.0483762873336673
2930931	2.045029536820948
17028978	2.0430389218963683
15185992	2.036575681529939
21253316	2.0360504193231463
14271877	2.017607665155083
15439395	2.0114186271093786
10692	2.004788246238604
50981929	1.9794806283898652
23941792	1.9632847113534808
8931202	1.9535237061791122
18920766	1.950223327614367
645143	1.9355210503563285
16132186	1.9296230031177402
8864512	1.9292340745450929
13695272	1.925681734108366
45603	1.9245064874412492
14206350	1.9189065210521221
16832632	1.9095632245298475
10706	1.9052206443157047
14264928	1.8803561483509839
14127880	1.8759962180629373
14756527	1.8670824925648049
18194778	1.8418509168550372
15323045	1.8191376058384776
7813142	1.762772265356034
